Trying with 1 features...
Fitting estimator with 300 features.
Fitting estimator with 240 features.
Fitting estimator with 180 features.
Fitting estimator with 120 features.
Fitting estimator with 60 features.
Chosen features = (array([270]),)
f1 Score for 1 number of features is 0.07560040547095602
Trying with 31 features...
Fitting estimator with 300 features.
Fitting estimator with 240 features.
Fitting estimator with 180 features.
Fitting estimator with 120 features.
Fitting estimator with 60 features.
Chosen features = (array([ 21,  25,  53,  55,  59,  71,  81,  87,  95,  99, 110, 112, 131,
       141, 143, 178, 208, 210, 215, 216, 222, 230, 240, 263, 265, 270,
       274, 278, 279, 283, 290]),)
f1 Score for 31 number of features is 0.8856681847538154
Trying with 61 features...
Fitting estimator with 300 features.
Fitting estimator with 240 features.
Fitting estimator with 180 features.
Fitting estimator with 120 features.
Chosen features = (array([ 16,  21,  25,  39,  40,  46,  48,  52,  53,  55,  59,  69,  70,
        71,  73,  79,  81,  87,  90,  95,  96,  98,  99, 107, 110, 112,
       123, 125, 131, 135, 139, 141, 143, 147, 161, 168, 176, 178, 208,
       209, 210, 215, 216, 218, 222, 227, 230, 240, 257, 263, 265, 267,
       268, 270, 274, 277, 278, 279, 283, 284, 290]),)
f1 Score for 61 number of features is 0.8953815200056713
Trying with 91 features...
Fitting estimator with 300 features.
Fitting estimator with 240 features.
Fitting estimator with 180 features.
Fitting estimator with 120 features.
Chosen features = (array([ 16,  17,  19,  21,  23,  25,  28,  39,  40,  41,  46,  48,  52,
        53,  55,  59,  60,  64,  69,  70,  71,  73,  79,  81,  87,  90,
        95,  96,  97,  98,  99, 107, 110, 111, 112, 113, 116, 118, 123,
       125, 131, 135, 139, 140, 141, 143, 147, 150, 159, 161, 162, 168,
       176, 177, 178, 184, 208, 209, 210, 213, 215, 216, 218, 222, 225,
       227, 228, 230, 238, 240, 241, 247, 252, 257, 259, 262, 263, 265,
       267, 268, 270, 274, 276, 277, 278, 279, 280, 282, 283, 284, 290]),)
f1 Score for 91 number of features is 0.900768335825253
Trying with 121 features...
Fitting estimator with 300 features.
Fitting estimator with 240 features.
Fitting estimator with 180 features.
Chosen features = (array([  6,  16,  17,  19,  21,  23,  25,  28,  31,  38,  39,  40,  41,
        43,  45,  46,  48,  52,  53,  55,  59,  60,  64,  65,  69,  70,
        71,  73,  76,  77,  79,  81,  83,  87,  90,  95,  96,  97,  98,
        99, 100, 107, 108, 110, 111, 112, 113, 116, 118, 123, 125, 131,
       134, 135, 139, 140, 141, 143, 147, 148, 150, 153, 154, 159, 161,
       162, 165, 167, 168, 176, 177, 178, 184, 186, 189, 196, 206, 207,
       208, 209, 210, 213, 215, 216, 218, 221, 222, 225, 227, 228, 230,
       231, 238, 239, 240, 241, 245, 247, 252, 253, 257, 259, 261, 262,
       263, 265, 267, 268, 270, 274, 276, 277, 278, 279, 280, 282, 283,
       284, 285, 290, 292]),)
f1 Score for 121 number of features is 0.9012241295140285
Trying with 151 features...
Fitting estimator with 300 features.
Fitting estimator with 240 features.
Fitting estimator with 180 features.
Chosen features = (array([  6,  16,  17,  19,  21,  23,  25,  28,  31,  34,  38,  39,  40,
        41,  43,  45,  46,  47,  48,  49,  52,  53,  55,  59,  60,  64,
        65,  67,  69,  70,  71,  73,  76,  77,  79,  81,  82,  83,  84,
        87,  88,  89,  90,  95,  96,  97,  98,  99, 100, 103, 106, 107,
       108, 110, 111, 112, 113, 114, 116, 118, 120, 123, 125, 128, 131,
       134, 135, 139, 140, 141, 143, 145, 147, 148, 150, 153, 154, 159,
       161, 162, 164, 165, 167, 168, 176, 177, 178, 181, 182, 184, 186,
       189, 190, 196, 197, 200, 203, 206, 207, 208, 209, 210, 213, 215,
       216, 218, 221, 222, 225, 227, 228, 230, 231, 238, 239, 240, 241,
       243, 245, 247, 252, 253, 254, 257, 259, 261, 262, 263, 264, 265,
       267, 268, 270, 271, 274, 276, 277, 278, 279, 280, 282, 283, 284,
       285, 287, 290, 291, 292, 293, 294, 299]),)
f1 Score for 151 number of features is 0.901367717598539
Trying with 181 features...
Fitting estimator with 300 features.
Fitting estimator with 240 features.
Chosen features = (array([  3,   5,   6,  12,  14,  16,  17,  18,  19,  21,  22,  23,  25,
        28,  31,  34,  35,  37,  38,  39,  40,  41,  43,  45,  46,  47,
        48,  49,  52,  53,  55,  56,  59,  60,  64,  65,  67,  69,  70,
        71,  73,  76,  77,  78,  79,  81,  82,  83,  84,  87,  88,  89,
        90,  95,  96,  97,  98,  99, 100, 103, 106, 107, 108, 110, 111,
       112, 113, 114, 116, 118, 120, 122, 123, 125, 128, 131, 132, 134,
       135, 139, 140, 141, 143, 145, 147, 148, 150, 153, 154, 155, 159,
       161, 162, 163, 164, 165, 166, 167, 168, 174, 176, 177, 178, 179,
       181, 182, 184, 186, 189, 190, 191, 195, 196, 197, 198, 200, 201,
       203, 206, 207, 208, 209, 210, 211, 212, 213, 215, 216, 218, 220,
       221, 222, 224, 225, 227, 228, 230, 231, 238, 239, 240, 241, 242,
       243, 245, 247, 248, 252, 253, 254, 255, 257, 259, 260, 261, 262,
       263, 264, 265, 267, 268, 270, 271, 274, 276, 277, 278, 279, 280,
       282, 283, 284, 285, 287, 290, 291, 292, 293, 294, 295, 299]),)
f1 Score for 181 number of features is 0.9018980545628084
Trying with 211 features...
Fitting estimator with 300 features.
Fitting estimator with 240 features.
Chosen features = (array([  1,   2,   3,   5,   6,   7,  10,  11,  12,  14,  16,  17,  18,
        19,  20,  21,  22,  23,  24,  25,  28,  31,  34,  35,  36,  37,
        38,  39,  40,  41,  43,  45,  46,  47,  48,  49,  52,  53,  55,
        56,  58,  59,  60,  64,  65,  67,  68,  69,  70,  71,  73,  76,
        77,  78,  79,  81,  82,  83,  84,  85,  87,  88,  89,  90,  91,
        95,  96,  97,  98,  99, 100, 103, 106, 107, 108, 109, 110, 111,
       112, 113, 114, 115, 116, 118, 120, 122, 123, 125, 126, 128, 131,
       132, 133, 134, 135, 136, 139, 140, 141, 142, 143, 145, 147, 148,
       149, 150, 151, 153, 154, 155, 159, 161, 162, 163, 164, 165, 166,
       167, 168, 169, 171, 172, 174, 175, 176, 177, 178, 179, 181, 182,
       184, 186, 189, 190, 191, 195, 196, 197, 198, 200, 201, 203, 204,
       205, 206, 207, 208, 209, 210, 211, 212, 213, 215, 216, 218, 219,
       220, 221, 222, 224, 225, 227, 228, 230, 231, 234, 238, 239, 240,
       241, 242, 243, 245, 247, 248, 252, 253, 254, 255, 257, 259, 260,
       261, 262, 263, 264, 265, 267, 268, 270, 271, 274, 276, 277, 278,
       279, 280, 282, 283, 284, 285, 287, 288, 290, 291, 292, 293, 294,
       295, 297, 299]),)
f1 Score for 211 number of features is 0.9034185234202805
Trying with 241 features...
Fitting estimator with 300 features.
Chosen features = (array([  0,   1,   2,   3,   4,   5,   6,   7,   8,   9,  10,  11,  12,
        13,  14,  15,  16,  17,  18,  19,  20,  21,  22,  23,  24,  25,
        28,  30,  31,  34,  35,  36,  37,  38,  39,  40,  41,  43,  45,
        46,  47,  48,  49,  52,  53,  54,  55,  56,  58,  59,  60,  61,
        62,  64,  65,  66,  67,  68,  69,  70,  71,  73,  75,  76,  77,
        78,  79,  81,  82,  83,  84,  85,  86,  87,  88,  89,  90,  91,
        95,  96,  97,  98,  99, 100, 102, 103, 106, 107, 108, 109, 110,
       111, 112, 113, 114, 115, 116, 118, 119, 120, 122, 123, 125, 126,
       127, 128, 129, 131, 132, 133, 134, 135, 136, 139, 140, 141, 142,
       143, 145, 147, 148, 149, 150, 151, 153, 154, 155, 156, 158, 159,
       161, 162, 163, 164, 165, 166, 167, 168, 169, 171, 172, 174, 175,
       176, 177, 178, 179, 180, 181, 182, 183, 184, 186, 188, 189, 190,
       191, 195, 196, 197, 198, 200, 201, 203, 204, 205, 206, 207, 208,
       209, 210, 211, 212, 213, 215, 216, 218, 219, 220, 221, 222, 223,
       224, 225, 226, 227, 228, 230, 231, 234, 235, 238, 239, 240, 241,
       242, 243, 245, 247, 248, 251, 252, 253, 254, 255, 256, 257, 259,
       260, 261, 262, 263, 264, 265, 266, 267, 268, 270, 271, 273, 274,
       275, 276, 277, 278, 279, 280, 282, 283, 284, 285, 287, 288, 290,
       291, 292, 293, 294, 295, 297, 299]),)
f1 Score for 241 number of features is 0.9023901751126153
Trying with 271 features...
Fitting estimator with 300 features.
Chosen features = (array([  0,   1,   2,   3,   4,   5,   6,   7,   8,   9,  10,  11,  12,
        13,  14,  15,  16,  17,  18,  19,  20,  21,  22,  23,  24,  25,
        26,  28,  30,  31,  32,  34,  35,  36,  37,  38,  39,  40,  41,
        42,  43,  45,  46,  47,  48,  49,  51,  52,  53,  54,  55,  56,
        58,  59,  60,  61,  62,  63,  64,  65,  66,  67,  68,  69,  70,
        71,  73,  74,  75,  76,  77,  78,  79,  80,  81,  82,  83,  84,
        85,  86,  87,  88,  89,  90,  91,  93,  94,  95,  96,  97,  98,
        99, 100, 102, 103, 104, 106, 107, 108, 109, 110, 111, 112, 113,
       114, 115, 116, 117, 118, 119, 120, 122, 123, 124, 125, 126, 127,
       128, 129, 130, 131, 132, 133, 134, 135, 136, 138, 139, 140, 141,
       142, 143, 144, 145, 147, 148, 149, 150, 151, 153, 154, 155, 156,
       158, 159, 161, 162, 163, 164, 165, 166, 167, 168, 169, 170, 171,
       172, 174, 175, 176, 177, 178, 179, 180, 181, 182, 183, 184, 185,
       186, 187, 188, 189, 190, 191, 193, 194, 195, 196, 197, 198, 200,
       201, 202, 203, 204, 205, 206, 207, 208, 209, 210, 211, 212, 213,
       214, 215, 216, 218, 219, 220, 221, 222, 223, 224, 225, 226, 227,
       228, 230, 231, 233, 234, 235, 237, 238, 239, 240, 241, 242, 243,
       244, 245, 246, 247, 248, 249, 251, 252, 253, 254, 255, 256, 257,
       259, 260, 261, 262, 263, 264, 265, 266, 267, 268, 269, 270, 271,
       273, 274, 275, 276, 277, 278, 279, 280, 282, 283, 284, 285, 287,
       288, 289, 290, 291, 292, 293, 294, 295, 297, 298, 299]),)
f1 Score for 271 number of features is 0.900876167890641
Best Number of Features = 211
